42643476
48300358
15476343
9689746
42475311
37554710
50563471
53742228
38865702
41352539
60442785
62078296
6946743
32692903
64604501
50901225
48829786
43147787
59181012
9430745
28925279
16858433
64765174
13127009
22105246
30156492
54463064
33235919
35529530
49462944
59071108
24043205
52902938
62652253
23294511
57391414
25767162
10956252
48779303
0074549
16127200
24391879
5523117
1286054
11007140
29071563
5313340
37931634
25063990
48249647
45764394
38192535
7156256
39763524
27608139
56842060
49335301
47175473
12577901
28935752
38532726
49438928
2289858
61199850
18288124
57767005
57849061
0194472
59695571
22671272
14736501
47756879
37613291
27226956
33246887
38204325
41701309
18191317
54522253
60080187
56747152
10467954
25617496
63858073
43327725
37733643
61630616
22223161
47370003
48801356
18387300
29418190
54070218
58312825
47970581
4977289
31254534
29177048
28200883
64707767
23915894
49265200
57925887
63534673
43816162
21845896
24259675
28365557
2108623
30618243
53641793
61757400
23671852
57776434
25822346
5203429
27688490
30423139
23596891
36448590
23065776
56050425
25731715
53016036
55867229
62050742
51149670
13124615
28431355
64273578
6021746
25377082
54332258
55595506
48551987
60884697
61770807
44923110
26425534
28462890
57823685
9971307
35094424
32106619
26167370
40965559
8290970
55338469
5405069
61437121
30237050
19575485
50112796
1172546
55080980
54277859
34789746
54748727
24103611
43255284
61458296
34175882
46142699
51290783
47539317
2438478
0655721
34455846
28383383
51518043
42242357
30363643
40221650
40941491
11706893
46681521
52012605
63127888
49059183
58280894
56215488
47036950
10681143
56368417
25712951
25355608
29229141
55145564
35285751
20618387
30088435
33634605
54184875
27434671
35230827
40062609
42400015
29263546
48747323
41319005
44002605
48705342
25830336
25729745
32503612
60171659
23582991
40767222
25232291
28256386
54864060
46545804
37505914
61167113
27703899
55201146
54608423
42816548
41635612
58821308
32290970
37902426
29168118
44791746
39264063
30303496
40341214
24832908
33241690
55439055
35994823
11434756
9601072
54804870
0237184
42646325
47564949
31030944
30495093
13895842
59971447
4386904
29006401
3268513
45814676
29872536
53624803
49950980
28722401
52457676
45535759
30325217
35468101
6653876
63499659
52659046
45516142
53477003
40893148
33283058
13839104
40472516
28660756
7702483
63438936
54527442
19301272
28904057
60162891
34467261
21027818
58414794
39177639
34271870
64444433
18908374
44886591
54205732
46461616
63934058
27152234
26323915
61939829
64823592
23591792
52469543
19044561
24333144
64644624
43765364
26477038
33427314
41829938
24985014
0669709
6196213
42852405
64827256
11540647
8168777
52645712
54583135
34185743
6815618
38487129
28763181
37893161
63447948
43098341
42518175
45639569
43098341
44680551
56594928
25490074
38181763
54301481
18981118
0101648
45059153
56435272
58223629
24602177
25152050
53351106
27873987
28386638
42666771
3418474
39845835
48660635
33191606
23624879
48683651
12228960
25326487
33188361
26936894
50460775
26865520
33126590
55987305
25935541
23663475
10821619
29100362
26985351
14722822
35202673
39669586
26684468
57114269
21384551
49918811
51487848
35319242
61099643
49297340
47421834
45333625
14767036
30718739
45665509
57155039
46546131
46870067
56120037
37250828
38596603
48778478
39059336
15960385
25908841
37025772
41136447
0984473
27740390
51031541
59238357
39264982
24798877
9546489
59492307
53183139
54567208
55831776
38445371
27030141
54879208
24223072
54548636
10121506
54702267
54054427
33337138
39483420
28529660
58685211
43082256
29696326
20728685
28511266
56099365
24521031
46444132
37172781
25563986
8322736
57965288
45226873
37155468
44933741
59921929
49533628
58246429
36615176
27959700
60710747
13870200
30484918
39214255
18778435
27773663
61607761
36031401
20571661
47651671
20311375
36852817
54074983
45724056
48818790
47812466
48887682
12884382
55442026
24195527
23968865
45894451
48045106
33009119
19418308
40333297
24868444
25574640
60046551
23712517
43769433
53095314
62121343
60675330
44450813
38590948
61548126
36932202
3178953
64185282
49789049
22551101
23179060
25467353
51545769
15835734
63711492
50736157
28382711
25550418
0414805
53529223
50931012
10765952
54251779
53576892
17989793
55960217
35365369
20030266
47298747
12295684
48501301
15044741
28639875
62927032
48903163
45333625
56946006
16888114
21202750
23937906
24622508
56532898
42442208
51545957
52221325
23511299
29457367
28384184
62627501
26177973
57868004
49689506
44282499
33267107
21960179
13715598
61864045
57907598
52444675
24446946
37552850
55943816
33591285
42287844
25320784
51961029
54752361
57971098
48897335
22640711
26864687
57754941
53048507
29786526
51593242
42334098
48216523
54490464
52531776
58853723
47058061
47607977
57516554
55424036
47271178
61498032
51276221
29931141
35338997
50130303
35424392
4640875
0006591
59233276
57474734
60477243
40928642
34046149
50391780
47144196
45615665
60615286
54247683
48626864
26868896
46647930
55572397
51162786
37436547
19645804
64420522
24006635
47530571
22619809
3661326
25871819
41764488
55355434
61939508
24076565
9836041
22781191
58210118
51863337
31871657
37045606
51243015
22019021
26891281
25576991
19840758
57246746
57205391
57750355
37364613
51499094
28751096
7913025
1590332
47661794
16828125
53516972
17612418
48012860
5596774
48269194
26030890
34136215
29224947
25386470
47656759
53605044
33757618
29419022
30323260
52019933
51532053
30164010
31791109
24457346
52176765
58607400
42395211
45809529
2005652
38698723
28735833
47461998
39419062
7554834
58401373
3819435
28907985
52415916
43728103
56292685
52047714
57522176
22110251
46813431
34122370
42519176
34859807
28292539
49597001
58221316
43933312
27945389
64813769
36090609
22328157
38135910
43913790
32276406
0696743
56789046
34634210
4287355
28909071
59000757
25212137
43116854
32683465
39386099
44438712
63160607
23596395
26217489
51989037
58387266
56591584
24894373
57209171
23875262
40598128
23481227
60048185
25070045
48198339
44402512
26254308
28244366
16735595
41338643
59847675
43582943
59003837
20775204
10394527
23803679
24394213
9623536
51913216
23509221
48519647
2330071
34681496
52480868
25475497
48104553
60052907
43307197
21185075
47432747
18160087
26320573
28414977
14066797
52347083
33115511
41136460
9051358
56069115
33341156
47765700
51735168
32373819
10323249
23656103
47459163
19801709
31623247
16708737
60044160
54838222
6262438
21698543
21386505
17331655
4374846
36981233
8099358
38688117
48267063
64917898
60557660
2343660
45905673
44747082
34743827
56580447
58810323
17416824
56077959
60542353
1810890
48035646
54006319
46777190
23328191
24050850
48710291
48423319
52460758
45576331
31652370
57645051
49549787
50223810
55765161
39088209
45933560
57075365
52325580
50300233
30281480
57827488
22560415
48592273
12636303
35885536
38137684
51462204
3776238
46149945
52561367
57598896
64546148
40637356
56225631
37237832
28763606
53450402
5850637
18999153
46692373
48057988
19484828
54345891
26995148
59930200
30138261
43602711
23543066
24330717
4623559
30703116
43966587
25632019
60673547
36701834
55681144
18430946
60002248
11168116
42198388
20976811
46580922
47230799
56534099
58551085
35509280
0883349
58859534
27579421
50356552
39765676
40540235
32770472
57746185
19764888
58451501
30519421
1951298
33248744
7661852
45266372
63271879
23949777
43253083
26580727
25571221
30381510
32994272
62787641
8887980
47010759
64896515
58582657
25206238
47177060
37564484
25192034
20799442
29635540
6767423
49266168
43524001
50797870
42093043
9067483
44584025
2087358
25508561
64801685
47496980
54543550
58113182
27763098
58607127
19646149
46598609
60579695
59075183
49422681
24793092
17479903
28719448
64393769
44503642
8261456
57151302
57034453
5666599
63178196
23050016
17938486
25209240
46159848
56795806
27512138
17352687
27378259
15180444
4424801
53005788
4301293
49021721
37341039
44254901
52656447
53508065
26479946
40115260
45670716
24603215
63230449
57827162
36256918
34236168
56524819
5641672
61413674
37408549
59352358
45705425
50469878
58775666
32170982
14882625
47150560
30857793
27544641
33247007
26294665
40227692
30478832
59093896
4533056
49871614
35912826
44652250
22653947
44588330
20380850
13440782
53175766
17967217
33024096
16027340
57173939
54202542
43577885
19643571
12785733
1115273
24924313
47540260
32907579
3980403
12405125
47703565
23850758
35388812
5041431
51512483
32655202
46050376
48021964
34643514
44495458
28071658
48209283
30510128
53837306
27959417
56058811
24575703
24994118
29863701
35245255
52032781
64659790
54384584
20234849
54125963
49841781
53119872
56422779
3839442
27321379
0342700
38096614
23484897
21353983
22862492
44641666
59141899
31802547
45425655
29379961
3536352
17520092
44996704
22531959
52210470
43098879
60843276
38030463
4214599
52743041
28451071
51488245
57067172
11535028
43559045
55779173
43790584
26382285
40355514
20077318
63616223
36298888
58836709
47624792
16483372
51277790
55659140
28360222
0349342
3957970
37042079
20402451
29817418
36392049
19533501
10605747
11110087
4124222
27913792
35905964
56945321
22737121
1119727
23552018
40454192
1554836
16219556
54065650
25560602
46143527
34168674
27626166
28548121
0146129
64121056
28189884
50125749
55091485
46243970
50383458
48477662
23116603
62007933
25554799
26014272
40034256
38173041
45505352
8898250
61822773
50871545
16651328
42710705
2164848
64484589
28482280
60888776
53958766
23060626
54594609
26503014
33682889
36823481
4109964
11382327
48722036
43665691
9625907
31606956
53140908
10194230
37792121
54376789
45519516
53387121
21118487
50687790
28463685
62521287
41573864
52974117
39874534
42558887
59898756
34495467
47669890
19408545
63003079
20144039
47294737
45925579
45243496
52376533
59294915
40464570
34734252
38939808
45787938
28743749
33822915
55963942
48570180
24271439
56923155
24019385
60254618
51611681
37177929
47875121
36439716
5334453
54190291
36466740
2766293
8353854
33410320
5610284
1937823
0032412
20871749
31778339
44264225
42770613
39929465
57844174
24109654
7927623
48561652
27073176
46656119
41014129
4416825
38333042
52344926
44780860
51612671
40255984
60717629
54423704
22468102
49948204
50353880
44051787
1293114
5644456
37839050
27204846
12474584
32356508
60554134
8333136
63146711
29259930
13635429
57764683
47556450
52586603
41554469
46761171
11424693
6914642
33126013
40093954
23100383
34439913
26781534
45931834
59425405
5467667
62082420
61949474
47448520
9021190
49601392
12342578
62541445
18017855
3433867
26142378
1982609
18775835
49553978
52168696
59427810
36400873
29225162
30300950
43213135
28938565
64882977
54376912
26861011
27748794
42420699
28900021
16443249
63035010
50116398
49970681
45920751
43049756
57613871
48589276
24674888
44600853
26765828
2816591
38392065
43909262
15848275
37657964
46899995
10572648
54488434
56935116
47433633
20561600
27373112
22837815
48015076
17262241
43456668
9765972
6852518
7603021
57452135
4232849
39812318
29438729
33058002
30877656
20432008
50280433
39845963
37001580
43633144
43257486
25735105
57541594
52288624
11790892
55692208
47107859
56735024
64200151
42938603
52617078
49790483
37234920
9527593
30575495
45371709
33106034
57676418
53621343
31187331
62610163
58159674
31539919
0053051
1510522
28477055
19034246
54123743
17839882
64688301
18702151
27453907
43728888
50147929
27245588
25618583
42325364
44030237
27468245
33056669
26405386
54727436
28882908
48718813
56369847
55011987
51923300
54056023
33116638
59877704
46171221
51863808
45187845
36909643
23621611
2953826
58502123
33628642
21301905
59026301
34919603
26834859
33536200
44004008
29990630
0673694
7448288
36092085
4417253
15878531
6468155
56044976
58281099
41822972
62439482
59634455
26632872
3783897
51136752
29883841
40885172
52799074
20718225
48776855
41290317
31212062
24745470
14794786
42851326
28851240
46968494
17526715
42890870
37334938
0635409
61987223
49688159
38187413
63173561
28226640
49229964
35695693
11955600
49369857
2595077
3068512
52341868
56891524
51199969
42805658
57247023
19741720
62189704
36457511
62832289
37579407
49982491
34997562
36773517
21856183
22513687
42923317
49911542
47438731
23186309
38844200
50944695
57459655
62171029
58779666
64475973
41333506
25175379
47174406
48844200
39961757
17773768
0388386
33442645
1083903
49712915
50137563
25470363
42854073
63611938
21105197
52517160
20960884
39372900
53918043
5673013
35554462
40204301
29803696
21559829
31223875
60485347
28252980
19728768
41225587
42221848
24762823
22962056
52284946
5555179
55019105
61604379
63442033
26215295
55468739
26835552
55664037
3987742
30764959
58992308
55073861
37032283
24118742
62369329
9289750
46817687
60377681
28210878
60267604
42775072
6341014
17728913
32511236
15776795
60598983
22730243
5605456
53456965
22726238
30684251
61286834
41979082
24256990
46172769
48871245
64692611
24587673
33024015
56921777
41558219
39866096
26730785
22073493
30973033
51536749
52081183
41822565
38710347
27688960
49417211
0092408
33931474
53839728
8906667
63235957
46915339
48789954
36246804
22855549
45375117
26292054
33387856
47042181
54034412
2099663
41805279
20728531
62270592
46303704
64960652
1176887
18794765
17898667
54401656
45105007
50961979
54138666
61149401
46061282
14854643
59391238
5389972
51113058
27880322
61206799
58610043
46096342
22978316
19302676
41264119
5546603
22285593
48813461
20090871
5378817
25923668
47699151
58817474
41729791
51065891
30200709
22708233
51552231
46785542
62096532
63106091
24957004
50683728
44123530
24981611
47104215
55490737
36656589
58513131
41770578
14925491
38007761
62125144
41258694
9425081
32533894
34529758
24154322
44699760
27110310
51927526
56342073
23302536
30412497
1239406
46988548
64773488
60728786
31190076
15401755
35642410
57992736
31291699
44886379
10893615
60927777
3096835
7819911
24789549
51542389
49838949
35235644
35996550
64650052
38934545
4116355
57036179
48268447
57712608
56803869
24862988
50669271
26611855
44608935
40301903
55709539
41851817
33568479
60451018
64033944
57996703
23641571
49462659
41885095
29744336
63719324
48126373
57578941
59859152
36717522
18760426
51683615
55651994
32965371
34938590
25675960
47110286
23188597
4446328
55290665
14540144
47168683
45014808
44324512
47869237
51748432
37137941
33333094
13139746
39475685
61298795
26847426
63200267
46601129
25463594
24295414
50542050
47144271
64946370
39115204
17926358
54731576
45461279
17385368
54640790
3311032
31113604
61739234
51472916
10793033
41979682
60249410
26671099
21948643
31745663
54308149
23340136
35469467
58050211
26618308
9792809
54570555
30651463
30357591
44082008
18167907
32227414
61192389
34261929
23926335
10219648
4784521
55876872
61667307
52047162
34648330
31539261
20025594
64223255
30490204
48698692
35736335
35769145
48256658
41135270
40771697
47101825
51269919
45558272
12585407
56681273
3586030
4290209
20869491
33701382
58547943
53173751
54567624
37056178
48816032
46255400
59561385
58466949
55501779
12163411
64162408
23779384
26678008
53556076
55894937
52770177
44289791
2975593
20347544
55398447
50157485
51608440
54914839
28885227
35612332
36330744
25189906
50400132
25334619
53447954
59382531
49780047
48752943
2560729
36970594
31982098
10107637
26813286
56109823
22141131
25012320
38911682
38466526
50865514
14355723
29595147
32314008
58605036
43119391
61792796
43218470
38017240
36297442
47841457
18565908
6316161
